%YAML:1.0
R: !!opencv-matrix
   rows: 3
   cols: 3
   dt: d
   data: [ 9.9999153104649230e-01, -4.0948680310982826e-03,
       -4.1217848091259048e-04, 4.0917357496383965e-03,
       9.9996474092693111e-01, -7.3331167651129068e-03,
       4.4219209329118630e-04, 7.3313681358623756e-03,
       9.9997302738994365e-01 ]
T: !!opencv-matrix
   rows: 3
   cols: 1
   dt: d
   data: [ -1.1752737246080542e+02, -2.2653698329498168e-01,
       3.6515232015301780e-01 ]
E: !!opencv-matrix
   rows: 3
   cols: 3
   dt: d
   data: [ -1.5942796652845864e-03, -3.6680027124160347e-01,
       -2.2385316840053396e-01, 4.1711890254245165e-01,
       8.6014118298850217e-01, 1.1752405193288847e+02,
       -2.5435588669514236e-01, -1.1752415619364299e+02,
       8.6174857168235619e-01 ]
F: !!opencv-matrix
   rows: 3
   cols: 3
   dt: d
   data: [ 1.5222904180177629e-09, 3.5047326363079091e-07,
       5.1279993007338068e-05, -3.9844803448694832e-07,
       -8.2219304214055474e-07, -6.8834947425013573e-02,
       2.4916936515687299e-04, 6.9495677701879463e-02, 1. ]
