%YAML:1.0
cameraMatrixLeft: !!opencv-matrix
   rows: 3
   cols: 3
   dt: d
   data: [ 6.1615895040534076e+02, 0., 3.7618972338494763e+02, 0.,
       6.1574447521345314e+02, 2.2782998750645370e+02, 0., 0., 1. ]
cameraMatrixRight: !!opencv-matrix
   rows: 3
   cols: 3
   dt: d
   data: [ 6.1822166624392491e+02, 0., 3.7592285702808073e+02, 0.,
       6.1796718017758474e+02, 2.4995433184933052e+02, 0., 0., 1. ]
distCoeffsLeft: !!opencv-matrix
   rows: 1
   cols: 5
   dt: d
   data: [ -4.0426117628371117e-01, 2.3728400411847123e-01,
       2.4621875362216059e-04, -2.2816459534462745e-05,
       -9.3568178873133789e-02 ]
distCoeffsRight: !!opencv-matrix
   rows: 1
   cols: 5
   dt: d
   data: [ -4.0079966548959167e-01, 2.2051671548879989e-01,
       6.6771155692931601e-04, -1.8849472532644774e-04,
       -7.4174208606236677e-02 ]
cameraMatrixLeftNew: !!opencv-matrix
   rows: 0
   cols: 0
   dt: u
   data: []
cameraMatrixRightNew: !!opencv-matrix
   rows: 0
   cols: 0
   dt: u
   data: []
QMatrix: !!opencv-matrix
   rows: 0
   cols: 0
   dt: u
   data: []
