%YAML:1.0
R: !!opencv-matrix
   rows: 3
   cols: 3
   dt: d
   data: [ 9.9999150743477472e-01, -4.0937440105095558e-03,
       -4.7572923329247349e-04, 4.0902543555297035e-03,
       9.9996629859484754e-01, -7.1183912387167347e-03,
       5.0485407204676363e-04, 7.1163849317463163e-03,
       9.9997455077010300e-01 ]
T: !!opencv-matrix
   rows: 3
   cols: 1
   dt: d
   data: [ -1.1752929105068816e+02, -2.2606389232732613e-01,
       3.3199566940964020e-01 ]
E: !!opencv-matrix
   rows: 3
   cols: 3
   dt: d
   data: [ -1.4720760094039721e-03, -3.3359323836604665e-01,
       -2.2369486411094142e-01, 3.9132799108647243e-01,
       8.3502457058878354e-01, 1.1752614208069531e+02,
       -2.5466272215741997e-01, -1.1752625559613840e+02,
       8.3651193050563566e-01 ]
F: !!opencv-matrix
   rows: 3
   cols: 3
   dt: d
   data: [ 1.4038675310224875e-09, 3.1834723714539529e-07,
       5.8377168147128505e-05, -3.7335391333282772e-07,
       -7.9719946805765874e-07, -6.8766935329544657e-02,
       2.4290367786753415e-04, 6.9417293210826056e-02, 1. ]
