%YAML:1.0
R: !!opencv-matrix
   rows: 3
   cols: 3
   dt: d
   data: [ 9.9997585257417099e-01, -5.2438933395426582e-03,
       -4.5602468357969312e-03, 5.2133458706192628e-03,
       9.9996406573473007e-01, -6.6849281298827553e-03,
       4.5951380167730390e-03, 6.6609925620661672e-03,
       9.9996725740630876e-01 ]
T: !!opencv-matrix
   rows: 3
   cols: 1
   dt: d
   data: [ -2.5452509912394379e+02, -8.5364384894760059e-01,
       -1.3143293488173680e+00 ]
E: !!opencv-matrix
   rows: 3
   cols: 3
   dt: d
   data: [ 2.9294421802071487e-03, 1.3085960040294020e+00,
       -8.6240209566973725e-01, -1.4471965193954217e-01,
       1.7022819950419723e+00, 2.5452275897829310e+02,
       -4.7330413884069711e-01, -2.5452042936880784e+02,
       1.6975891682337878e+00 ]
F: !!opencv-matrix
   rows: 3
   cols: 3
   dt: d
   data: [ -1.2443636723915502e-09, -5.5622814876921423e-07,
       3.5240395294509116e-04, 6.1500595173058283e-08,
       -7.2388286240871410e-07, -6.6656224610626522e-02,
       1.0900732400002457e-04, 6.6988366551100770e-02, 1. ]
