%YAML:1.0
cameraMatrixLeft: !!opencv-matrix
   rows: 3
   cols: 3
   dt: d
   data: [ 6.1755784188262396e+02, 0., 3.7334455666948605e+02, 0.,
       6.1715273905576873e+02, 2.2600359823335370e+02, 0., 0., 1. ]
cameraMatrixRight: !!opencv-matrix
   rows: 3
   cols: 3
   dt: d
   data: [ 6.1561630284873786e+02, 0., 3.7435207641984340e+02, 0.,
       6.1534786260073599e+02, 2.4760362008822977e+02, 0., 0., 1. ]
distCoeffsLeft: !!opencv-matrix
   rows: 1
   cols: 5
   dt: d
   data: [ -4.0016878944290835e-01, 2.2186432288221242e-01,
       7.7819164580937973e-04, 3.8344942594039814e-04,
       -7.9067442793965506e-02 ]
distCoeffsRight: !!opencv-matrix
   rows: 1
   cols: 5
   dt: d
   data: [ -4.0573130893500253e-01, 2.3247279714740046e-01,
       8.4400695417875512e-04, -2.6165823015286612e-04,
       -8.1717597500744921e-02 ]
cameraMatrixLeftNew: !!opencv-matrix
   rows: 0
   cols: 0
   dt: u
   data: []
cameraMatrixRightNew: !!opencv-matrix
   rows: 0
   cols: 0
   dt: u
   data: []
QMatrix: !!opencv-matrix
   rows: 0
   cols: 0
   dt: u
   data: []
