%YAML:1.0
R: !!opencv-matrix
   rows: 3
   cols: 3
   dt: d
   data: [ 9.9997672995676889e-01, -4.3140129147062898e-03,
       -5.2847741237533209e-03, 4.2995630163795142e-03,
       9.9998699595614882e-01, -2.7425674951322447e-03,
       5.2965368719123281e-03, 2.7197814560956553e-03,
       9.9998227458590261e-01 ]
T: !!opencv-matrix
   rows: 3
   cols: 1
   dt: d
   data: [ -1.1925791578459429e+02, -1.9642790408358907e-01,
       -5.3715850937101450e-01 ]
E: !!opencv-matrix
   rows: 3
   cols: 3
   dt: d
   data: [ 1.2691592241739753e-03, 5.3661728316721724e-01,
       -1.9789761578518353e-01, 9.4507938551239401e-02,
       3.2667277659022781e-01, 1.1925864065004329e+02,
       -3.1633359092017499e-01, -1.1925721234194285e+02,
       3.2603480626336290e-01 ]
F: !!opencv-matrix
   rows: 3
   cols: 3
   dt: d
   data: [ -1.0171029221111855e-09, -4.3019423178359787e-07,
       1.9531134629771047e-04, -7.5773541998187926e-08,
       -2.6200729141709419e-07, -5.8727024341684073e-02,
       1.7577412086883134e-04, 5.9269759661541570e-02, 1. ]
