%YAML:1.0
Q: !!opencv-matrix
   rows: 4
   cols: 4
   dt: f
   data: [ 1., 0., 0., -1.83390320e+02, 0., 1., 0., -1.20106110e+02, 0.,
       0., 0., 3.03516571e+02, 0., 0., 8.42495915e-03, 0. ]
K_L: !!opencv-matrix
   rows: 3
   cols: 4
   dt: d
   data: [ 3.0351656731878933e+02, 0., 1.8339032554626465e+02, 0., 0.,
       3.0351656731878933e+02, 1.2010611343383789e+02, 0., 0., 0., 1.,
       0. ]
K_R: !!opencv-matrix
   rows: 3
   cols: 4
   dt: d
   data: [ 3.0351656731878933e+02, 0., 1.8339032554626465e+02,
       -3.6025880398299458e+04, 0., 3.0351656731878933e+02,
       1.2010611343383789e+02, 0., 0., 0., 1., 0. ]
