%YAML:1.0
Q: !!opencv-matrix
   rows: 4
   cols: 4
   dt: f
   data: [ 1., 0., 0., -3.83498169e+02, 0., 1., 0., -2.55145279e+02, 0.,
       0., 0., 6.50331360e+02, 0., 0., 8.38509109e-03, 0. ]
K_L: !!opencv-matrix
   rows: 3
   cols: 4
   dt: d
   data: [ 3.2493892023390532e+02, 0., 1.9280123519897461e+02, 0., 0.,
       3.2493892023390532e+02, 1.2748367595672607e+02, 0., 0., 0., 1.,
       0. ]
K_R: !!opencv-matrix
   rows: 3
   cols: 4
   dt: d
   data: [ 3.2493892023390532e+02, 0., 1.9280123519897461e+02,
       -3.8751984033818539e+04, 0., 3.2493892023390532e+02,
       1.2748367595672607e+02, 0., 0., 0., 1., 0. ]
