%YAML:1.0
Q: !!opencv-matrix
   rows: 4
   cols: 4
   dt: f
   data: [ 1., 0., 0., -3.83498169e+02, 0., 1., 0., -2.55145279e+02, 0.,
       0., 0., 6.50331360e+02, 0., 0., 8.38509109e-03, 0. ]
K_L: !!opencv-matrix
   rows: 3
   cols: 4
   dt: d
   data: [ 6.5033137072506088e+02, 0., 3.8349815750122070e+02, 0., 0.,
       6.5033137072506088e+02, 2.5514528083801270e+02, 0., 0., 0., 1.,
       0. ]
K_R: !!opencv-matrix
   rows: 3
   cols: 4
   dt: d
   data: [ 6.5033137072506088e+02, 0., 3.8349815750122070e+02,
       -7.7558055762872740e+04, 0., 6.5033137072506088e+02,
       2.5514528083801270e+02, 0., 0., 0., 1., 0. ]
