%YAML:1.0
Q: !!opencv-matrix
   rows: 4
   cols: 4
   dt: f
   data: [ 1., 0., 0., -3.70807434e+02, 0., 1., 0., -2.37084351e+02, 0.,
       0., 0., 6.04900940e+02, 0., 0., 3.92881129e-03, 0. ]
K_L: !!opencv-matrix
   rows: 3
   cols: 4
   dt: d
   data: [ 6.0490096758040545e+02, 0., 3.7080744934082031e+02, 0., 0.,
       6.0490096758040545e+02, 2.3708435821533203e+02, 0., 0., 0., 1.,
       0. ]
K_R: !!opencv-matrix
   rows: 3
   cols: 4
   dt: d
   data: [ 6.0490096758040545e+02, 0., 3.7080744934082031e+02,
       -1.5396539735575244e+05, 0., 6.0490096758040545e+02,
       2.3708435821533203e+02, 0., 0., 0., 1., 0. ]
