%YAML:1.0
cameraMatrixLeft: !!opencv-matrix
   rows: 3
   cols: 3
   dt: d
   data: [ 6.1616229140691598e+02, 0., 3.7628410118897239e+02, 0.,
       6.1575389153889660e+02, 2.2786587800096689e+02, 0., 0., 1. ]
cameraMatrixRight: !!opencv-matrix
   rows: 3
   cols: 3
   dt: d
   data: [ 6.1823196302027827e+02, 0., 3.7605869596280962e+02, 0.,
       6.1797023142806063e+02, 2.4985937154837444e+02, 0., 0., 1. ]
distCoeffsLeft: !!opencv-matrix
   rows: 1
   cols: 5
   dt: d
   data: [ -4.0422359306632394e-01, 2.3717974366534464e-01,
       2.3830982883368720e-04, -4.1971991095724982e-05,
       -9.3444576420808861e-02 ]
distCoeffsRight: !!opencv-matrix
   rows: 1
   cols: 5
   dt: d
   data: [ -4.0089891166599628e-01, 2.2076896817934377e-01,
       6.9564719166393275e-04, -2.1149846925086124e-04,
       -7.4473844255325272e-02 ]
newCameraMatrixLeft: !!opencv-matrix
   rows: 0
   cols: 0
   dt: u
   data: []
newCameraMatrixRight: !!opencv-matrix
   rows: 0
   cols: 0
   dt: u
   data: []
