%YAML:1.0
R: !!opencv-matrix
   rows: 3
   cols: 3
   dt: d
   data: [ 9.9998573361426979e-01, -4.5285838459493393e-03,
       -2.8327541864620609e-03, 4.5239557241043855e-03,
       9.9998842521137565e-01, -1.6380683377772091e-03,
       2.8401395277441567e-03, 1.6252297139456061e-03,
       9.9999464610358779e-01 ]
T: !!opencv-matrix
   rows: 3
   cols: 1
   dt: d
   data: [ -1.1900023917041854e+02, -2.1459272592165607e-01,
       -1.4375392252355927e+00 ]
E: !!opencv-matrix
   rows: 3
   cols: 3
   dt: d
   data: [ 5.8938905233726800e-03, 1.4371738235483571e+00,
       -2.1694636450360189e-01, -1.0995414336675891e+00,
       1.9991274157971847e-01, 1.1900367425072348e+02,
       -3.2376214870575271e-01, -1.1899983356895595e+02,
       1.9432263553023896e-01 ]
F: !!opencv-matrix
   rows: 3
   cols: 3
   dt: d
   data: [ -4.4432163095897182e-09, -1.0838601083557219e-06,
       3.4776135734817685e-04, 8.2894083590089473e-07,
       -1.5077208908973364e-07, -5.5485115283374430e-02,
       -5.3572991409769758e-05, 5.5711385002855468e-02,
       9.9999999999999989e-01 ]
