%YAML:1.0
R: !!opencv-matrix
   rows: 3
   cols: 3
   dt: d
   data: [ 9.9996961622218816e-01, -5.8034215910663638e-03,
       -5.2045105712294447e-03, 5.8367462656143867e-03,
       9.9996241585316337e-01, 6.4108715582280838e-03,
       5.1671099737213635e-03, -6.4410541793720414e-03,
       9.9996590631659932e-01 ]
T: !!opencv-matrix
   rows: 3
   cols: 1
   dt: d
   data: [ -1.1868526228864035e+02, -1.2707667131580816e-01,
       -1.5102569121898806e+00 ]
E: !!opencv-matrix
   rows: 3
   cols: 3
   dt: d
   data: [ 8.1583672565593759e-03, 1.5110186581972112e+00,
       -1.1739027572003323e-01, -8.9695122237405223e-01,
       -7.5569354712185388e-01, 1.1868907601894831e+02,
       -5.6566295120022381e-01, -1.1868153908381318e+02,
       -7.6153734426630437e-01 ]
F: !!opencv-matrix
   rows: 3
   cols: 3
   dt: d
   data: [ -5.8146665521634651e-09, -1.0765768350802514e-06,
       3.0315076528779513e-04, 6.3898597230219264e-07,
       5.3817293422665316e-07, -5.2288842188181361e-02,
       9.0385968897129448e-05, 5.2188650481856003e-02, 1. ]
