%YAML:1.0
cameraMatrixLeft: !!opencv-matrix
   rows: 3
   cols: 3
   dt: d
   data: [ 6.1410822693690568e+02, 0., 3.7383065907070363e+02, 0.,
       6.1431521939123115e+02, 2.3184274822054709e+02, 0., 0., 1. ]
cameraMatrixRight: !!opencv-matrix
   rows: 3
   cols: 3
   dt: d
   data: [ 6.1399285793370109e+02, 0., 3.7563653546362565e+02, 0.,
       6.1427435477026052e+02, 2.4935861019225945e+02, 0., 0., 1. ]
distCoeffsLeft: !!opencv-matrix
   rows: 1
   cols: 5
   dt: d
   data: [ -4.0305160762769571e-01, 2.4416097131441777e-01,
       -4.5149817169555935e-04, 2.6813006684489615e-04,
       -1.0661279753975243e-01 ]
distCoeffsRight: !!opencv-matrix
   rows: 1
   cols: 5
   dt: d
   data: [ -4.0051356352879663e-01, 2.2183462016864661e-01,
       9.4092574067143953e-05, 2.9933463997176144e-06,
       -7.1958370222589677e-02 ]
cameraMatrixLeftNew: !!opencv-matrix
   rows: 0
   cols: 0
   dt: u
   data: []
cameraMatrixRightNew: !!opencv-matrix
   rows: 0
   cols: 0
   dt: u
   data: []
QMatrix: !!opencv-matrix
   rows: 0
   cols: 0
   dt: u
   data: []
