%YAML:1.0
R: !!opencv-matrix
   rows: 3
   cols: 3
   dt: d
   data: [ 9.9999150832221850e-01, -4.0933757547205549e-03,
       -4.7703080100865581e-04, 4.0898752822432528e-03,
       9.9996627814043126e-01, -7.1214817383322398e-03,
       5.0616561532832794e-04, 7.1194702685220788e-03,
       9.9997452814532506e-01 ]
T: !!opencv-matrix
   rows: 3
   cols: 1
   dt: d
   data: [ -1.1752871821219405e+02, -2.2475360001434794e-01,
       3.3138439066446390e-01 ]
E: !!opencv-matrix
   rows: 3
   cols: 3
   dt: d
   data: [ -1.4690833725483521e-03, -3.3297334233962411e-01,
       -2.2238792723682538e-01, 3.9087057262762143e-01,
       8.3538573417898621e-01, 1.1752556645720230e+02,
       -2.5592610809058847e-01, -1.1752567492620030e+02,
       8.3687140608789123e-01 ]
F: !!opencv-matrix
   rows: 3
   cols: 3
   dt: d
   data: [ 1.4012320908684023e-09, 3.1780523608167795e-07,
       5.7754080685855427e-05, -3.7297567844894397e-07,
       -7.9766868588596863e-07, -6.8777411320325846e-02,
       2.4357858361670362e-04, 6.9428088313683772e-02, 1. ]
