%YAML:1.0
cameraMatrixLeft: !!opencv-matrix
   rows: 3
   cols: 3
   dt: d
   data: [ 6.1616230314441759e+02, 0., 3.7628401470581360e+02, 0.,
       6.1575390324789726e+02, 2.2786586638720138e+02, 0., 0., 1. ]
cameraMatrixRight: !!opencv-matrix
   rows: 3
   cols: 3
   dt: d
   data: [ 6.1823197386704544e+02, 0., 3.7605877354075488e+02, 0.,
       6.1797023332811034e+02, 2.4985938882412717e+02, 0., 0., 1. ]
distCoeffsLeft: !!opencv-matrix
   rows: 1
   cols: 5
   dt: d
   data: [ -4.0422348291419385e-01, 2.3717940179663846e-01,
       2.3831467090974884e-04, -4.1958349688920168e-05,
       -9.3444283020900312e-02 ]
distCoeffsRight: !!opencv-matrix
   rows: 1
   cols: 5
   dt: d
   data: [ -4.0089896205521514e-01, 2.2076909479220247e-01,
       6.9564166331848563e-04, -2.1151061966398832e-04,
       -7.4473971692576413e-02 ]
